2 0.374632 0.899620 0.233427 0.155208
3 0.370143 0.729631 0.218466 0.129340
3 0.859444 0.542088 0.233427 0.123797
3 0.485359 0.205803 0.460872 0.201401
1 0.847474 0.154992 0.233427 0.099778
1 0.126239 0.155917 0.233427 0.097929
0 0.374632 0.609529 0.724222 0.073908
0 0.486857 0.052443 0.960645 0.090538
2 0.132226 0.840495 0.239410 0.317807
2 0.623024 0.843265 0.239415 0.282699
2 0.871412 0.807235 0.239415 0.369541
2 0.853457 0.347154 0.257368 0.240203
2 0.608060 0.439540 0.233427 0.251290
2 0.373137 0.437693 0.230436 0.254984
2 0.129235 0.389652 0.233427 0.351066
