3 0.628927 0.775868 0.215722 0.127491
0 0.646904 0.074661 0.688642 0.114558
0 0.635842 0.659462 0.694176 0.094232
0 0.139409 0.610498 0.232317 0.084996
0 0.147700 0.077433 0.226792 0.127491
1 0.639981 0.154113 0.702488 0.029565
2 0.139409 0.355514 0.243375 0.391714
2 0.129728 0.810052 0.235079 0.306718
2 0.386934 0.865482 0.224017 0.262375
2 0.623394 0.925534 0.215722 0.145969
2 0.859857 0.852549 0.218488 0.280853
2 0.880600 0.391544 0.221251 0.423127
2 0.634458 0.472844 0.226784 0.260526
2 0.402143 0.398011 0.226779 0.406495
3 0.639987 0.243728 0.221251 0.134884
3 0.074418 0.223402 0.080201 0.068366
