0 0.249025 0.705724 0.454746 0.033259
3 0.254423 0.245644 0.225347 0.199552
3 0.678808 0.261351 0.116048 0.212491
3 0.846133 0.678010 0.032387 0.044346
0 0.250376 0.076579 0.468241 0.112710
0 0.740881 0.078428 0.474987 0.116408
0 0.820496 0.550516 0.350844 0.092386
2 0.072929 0.417482 0.129543 0.506271
2 0.197074 0.527422 0.110651 0.293784
2 0.313122 0.529269 0.110651 0.301179
2 0.433218 0.504324 0.105254 0.317806
2 0.551964 0.338953 0.110651 0.290091
2 0.676786 0.413789 0.114700 0.092386
2 0.802278 0.321401 0.117400 0.325197
2 0.927098 0.316782 0.126846 0.327048
2 0.563436 0.790720 0.130891 0.380626
2 0.692977 0.802731 0.112003 0.363999
2 0.816447 0.888649 0.118748 0.214337
2 0.939935 0.800882 0.120130 0.393565
2 0.432543 0.849849 0.114700 0.225420
2 0.315145 0.857237 0.109302 0.232811
2 0.197073 0.851696 0.107951 0.225420
2 0.070230 0.863704 0.124146 0.216184
1 0.565459 0.557909 0.124142 0.070215
