2 0.357013 0.352763 0.229113 0.437906
2 0.590748 0.348144 0.230964 0.436059
2 0.862363 0.584652 0.256812 0.798211
2 0.591673 0.808225 0.225421 0.310415
2 0.747804 0.607747 0.024018 0.027719
0 0.370870 0.071911 0.703977 0.094233
0 0.867906 0.093150 0.260529 0.155230
0 0.357936 0.621606 0.707674 0.062822
2 0.117733 0.349992 0.234660 0.436063
3 0.929805 0.357383 0.103473 0.133034
2 0.357938 0.818386 0.219878 0.315958
2 0.123074 0.823007 0.246149 0.328894
3 0.238760 0.338906 0.096080 0.125645
3 0.234140 0.813768 0.109012 0.129341
