3 0.298679 0.734404 0.106615 0.109015
2 0.142310 0.390729 0.220336 0.219878
2 0.385158 0.442465 0.222709 0.131186
2 0.622082 0.426759 0.227447 0.107165
2 0.868481 0.375023 0.213233 0.236509
2 0.877379 0.809235 0.245242 0.376933
2 0.560481 0.793530 0.369601 0.378780
2 0.187326 0.793530 0.324582 0.382476
0 0.507174 0.091399 0.964277 0.145970
0 0.197989 0.569957 0.326955 0.060976
0 0.556925 0.572729 0.338800 0.066518
0 0.862557 0.564413 0.196646 0.097930
1 0.138757 0.200413 0.241665 0.116405
1 0.874404 0.209652 0.220340 0.090537
3 0.425434 0.734404 0.090031 0.094235
