3 0.334557 0.714925 0.304090 0.153359
3 0.483199 0.200338 0.297284 0.177380
2 0.914373 0.821169 0.152045 0.325197
2 0.746439 0.828561 0.152045 0.325197
2 0.579645 0.811930 0.158852 0.343676
2 0.416252 0.898772 0.140699 0.155209
2 0.252859 0.901544 0.145238 0.149664
0 0.488871 0.038663 0.934966 0.046195
0 0.319806 0.583737 0.633147 0.075758
0 0.807713 0.590204 0.274592 0.114559
2 0.086063 0.335220 0.138428 0.358458
2 0.249456 0.318591 0.147510 0.399108
2 0.409449 0.419297 0.154327 0.197696
2 0.575106 0.419291 0.158852 0.197708
2 0.727042 0.315056 0.172699 0.402813
2 0.903289 0.308430 0.193423 0.393563
2 0.089467 0.823940 0.158856 0.308571
