2 0.861342 0.386058 0.221940 0.413888
0 0.512191 0.074719 0.931067 0.123797
0 0.249652 0.662292 0.470946 0.072061
0 0.750370 0.657671 0.454709 0.084994
2 0.150861 0.264109 0.213824 0.114558
2 0.149501 0.516322 0.216544 0.190315
2 0.383628 0.466433 0.219236 0.267917
2 0.624515 0.465509 0.224648 0.273463
2 0.134622 0.852856 0.219236 0.294288
2 0.383628 0.839672 0.213820 0.279007
2 0.620455 0.845215 0.216528 0.293786
2 0.866754 0.846138 0.227357 0.280853
1 0.512191 0.156018 0.952724 0.038802
3 0.353856 0.249327 0.138036 0.144123
3 0.260479 0.861843 0.092025 0.086843
3 0.739545 0.852605 0.081200 0.083146
