2 0.125646 0.272366 0.229091 0.181078
0 0.125648 0.084824 0.189681 0.138579
0 0.610927 0.663158 0.652786 0.116406
0 0.593685 0.061727 0.662640 0.107168
2 0.614621 0.919065 0.231557 0.155208
2 0.821542 0.360133 0.241406 0.445298
2 0.381837 0.869176 0.214312 0.240203
3 0.588756 0.199381 0.204459 0.138576
2 0.130575 0.902436 0.209383 0.169990
2 0.120721 0.630822 0.229091 0.199554
2 0.371983 0.369371 0.214312 0.430516
2 0.602305 0.434040 0.216775 0.315960
2 0.868345 0.923502 0.231553 0.152995
3 0.124417 0.448822 0.211850 0.145970
3 0.884357 0.778639 0.135484 0.096080
1 0.133037 0.782334 0.229091 0.048043
