3 0.284786 0.325024 0.265971 0.205097
3 0.855094 0.255736 0.289812 0.155209
0 0.287729 0.076517 0.533410 0.107146
0 0.772641 0.082972 0.424666 0.145971
0 0.419974 0.728749 0.830233 0.066522
0 0.929872 0.749998 0.133718 0.097929
2 0.076126 0.472841 0.116087 0.419432
2 0.210579 0.574466 0.132249 0.201399
1 0.285522 0.179055 0.528997 0.046195
2 0.782193 0.874720 0.129308 0.221726
2 0.351647 0.569847 0.129312 0.192161
2 0.493447 0.443278 0.133721 0.452686
2 0.637451 0.445125 0.130781 0.441606
2 0.780724 0.523655 0.138127 0.299328
2 0.926933 0.516261 0.139596 0.288244
2 0.070248 0.879339 0.133718 0.216182
2 0.210580 0.877490 0.135190 0.216186
2 0.354586 0.873795 0.138127 0.219875
2 0.497121 0.874718 0.129312 0.218028
2 0.638187 0.874718 0.129308 0.218028
2 0.933709 0.907796 0.132581 0.184408
