2 0.873373 0.464540 0.238157 0.218029
0 0.858850 0.643768 0.220727 0.081299
2 0.121152 0.360145 0.232346 0.434213
2 0.359305 0.484866 0.232346 0.192162
0 0.369472 0.637302 0.688326 0.086843
2 0.609077 0.475627 0.232346 0.218029
0 0.505393 0.057120 0.989214 0.086841
2 0.596008 0.828540 0.235254 0.291939
2 0.858850 0.828540 0.243964 0.288244
2 0.353497 0.814683 0.220731 0.290091
2 0.128411 0.827616 0.217828 0.260530
2 0.741226 0.254825 0.514066 0.186617
3 0.365114 0.207709 0.226534 0.184770
3 0.241680 0.809140 0.095845 0.075757
