0 0.483661 0.039697 0.967321 0.079394
1 0.488797 0.103416 0.967146 0.051734
0 0.837275 0.565344 0.280297 0.055431
0 0.341076 0.573659 0.646447 0.075757
2 0.121384 0.808317 0.217169 0.360303
3 0.493848 0.252157 0.467157 0.253137
3 0.565816 0.689140 0.191913 0.125646
3 0.341074 0.683597 0.202015 0.121949
1 0.861263 0.151456 0.227267 0.040649
2 0.123909 0.325140 0.237368 0.395411
2 0.370115 0.457253 0.219692 0.120100
2 0.608745 0.459100 0.222214 0.112709
2 0.866312 0.341770 0.227267 0.328894
2 0.841060 0.796307 0.308071 0.399106
2 0.568342 0.888916 0.212116 0.222169
2 0.344863 0.884997 0.199488 0.221726
