0 0.387880 0.076569 0.736045 0.127492
0 0.205399 0.608710 0.358847 0.086841
3 0.692696 0.750060 0.175344 0.162599
0 0.691675 0.605939 0.560698 0.084994
1 0.393997 0.179117 0.748278 0.062823
0 0.892507 0.088579 0.179424 0.121948
2 0.112628 0.386060 0.189618 0.288244
2 0.310401 0.477524 0.177385 0.079452
2 0.502066 0.482143 0.177396 0.088691
2 0.691677 0.369432 0.165153 0.314113
2 0.881293 0.338944 0.185538 0.334434
2 0.117726 0.833206 0.195736 0.310415
2 0.307344 0.912659 0.171271 0.140428
2 0.499000 0.832284 0.175347 0.319654
2 0.690658 0.925593 0.191656 0.144119
2 0.888431 0.833206 0.195736 0.325198
3 0.517351 0.353726 0.126410 0.123795
3 0.308365 0.754681 0.169229 0.160752
