2 0.862130 0.490465 0.252786 0.107168
0 0.503762 0.069191 0.992476 0.136710
0 0.492224 0.634587 0.463827 0.077606
0 0.870243 0.638282 0.213361 0.096082
1 0.118844 0.196678 0.231914 0.088689
2 0.115365 0.307543 0.224956 0.118255
2 0.120004 0.507095 0.215678 0.136730
2 0.362352 0.508943 0.231914 0.129341
2 0.603544 0.503400 0.236555 0.136730
2 0.116525 0.834141 0.208720 0.314112
2 0.358875 0.829520 0.248149 0.319656
2 0.607023 0.929296 0.238871 0.064671
2 0.876043 0.842238 0.238875 0.315523
3 0.612822 0.282599 0.751402 0.264223
3 0.612820 0.765776 0.236551 0.177382
3 0.175661 0.821207 0.085808 0.096082
