0 0.631258 0.557938 0.730350 0.096085
2 0.137571 0.608747 0.231575 0.759408
2 0.379325 0.345448 0.216304 0.310417
2 0.618534 0.335286 0.226485 0.334434
2 0.869196 0.326047 0.244299 0.334434
2 0.375506 0.822157 0.223941 0.347372
2 0.623624 0.647550 0.236665 0.060974
0 0.631260 0.101549 0.720173 0.092386
0 0.140115 0.132038 0.226489 0.160750
3 0.058682 0.335284 0.089064 0.057278
2 0.621079 0.798137 0.211213 0.099775
1 0.612172 0.716838 0.198493 0.048040
2 0.622350 0.931173 0.229032 0.133034
2 0.874291 0.809454 0.229016 0.381091
