0 0.583675 0.664209 0.373967 0.092387
0 0.385199 0.062780 0.758383 0.105320
0 0.186725 0.661436 0.365609 0.068365
0 0.893921 0.061854 0.204744 0.121950
1 0.388335 0.154241 0.768828 0.025868
2 0.090751 0.836046 0.181503 0.258680
2 0.283875 0.831427 0.167137 0.260529
2 0.676644 0.848057 0.175495 0.275307
2 0.479215 0.844361 0.177582 0.282699
2 0.887653 0.579891 0.204744 0.840217
2 0.672464 0.390748 0.179672 0.424973
2 0.476079 0.469276 0.167137 0.264220
2 0.282829 0.469276 0.181763 0.282702
2 0.091797 0.525631 0.183593 0.188466
2 0.092710 0.247550 0.173405 0.145972
3 0.574274 0.848980 0.071033 0.084995
3 0.184637 0.853600 0.068946 0.075754
3 0.257758 0.248474 0.123266 0.151512
